1 1 1 1 1

2 1 1 2 1

3 1 1 3 1

4 1 1 4 1

5 1 1 5 1

6 1 1 6 1

7 1 1 7 1
8 1 1 8 1
9 1 1 9 1
10 1 1 10 1
11 1 2 1 1
12 1 2 2 1
13 1 2 3 1
14 1 2 4 1
15 1 2 5 1
16 1 2 6 1
17 1 2 7 1
18 1 2 8 1
19 1 2 9 1
20 1 2 10 1
21 1 3 1 1
22 1 3 2 1
23 1 3 3 1
24 1 3 4 1
25 1 3 5 1
26 1 3 6 1
27 1 3 7 1
28 1 3 8 1
29 1 3 9 1
30 1 3 10 1
31 2 1 1 1

32 2 1 2 1
33 2 1 3 1

34 2 1 4 1
35 2 1 5 1
36 2 1 6 1
37 2 1 7 1
38 2 1 8 1
39 2 1 9 1
40 2 1 10 1
41 2 2 1 1
42 2 2 2 1
43 2 2 3 1
44 2 2 4 1
45 2 2 5 1
46 2 2 6 1
47 2 2 7 1
48 2 2 8 1
49 2 2 9 1
50 2 2 10 1
51 2 3 1 1
52 2 3 2 1
53 2 3 3 1
54 2 3 4 1
55 2 3 5 1
56 2 3 6 1
57 2 3 7 1
58 2 3 8 1
59 2 3 9 1
60 2 3 10 1
61 3 1 1 1

62 3 1 2 1
63 3 3 1
 1
64 3 1 4 1
65 3 1 5 1
66 3 1 6 1
67 3 1 7 1
68 3 1 8 1
69 3 1 9 1
70 3 1 10 1
71 3 2 1 1
72 3 2 2 1
73 3 2 3 1
74 3 2 4 1
75 3 2 5 1
76 3 2 6 1
77 3 2 7 1
78 3 2 8 1
79 3 2 9 1
80 3 2 10 1
81 3 3 1 1
82 3 3 2 1
83 3 3 3 1
84 3 3 4 1
85 3 3 5 1
86 3 3 6 1
87 3 3 7 1
88 3 3 8 1
89 3 3 9 1
90 3 3 10 1
91 1 1 1 1

92 4 1 2 1
93 4 1 3 1
94 4 1 4 1
95 4 1 5 1

96 4 1 6 1
97 4 1 7 1
98 4 1 8 1
99 4 1 9 1
100 4 1 10 1
101 4 2 1 1
102 4 2 2 1
103 4 2 3 1
104 4 2 4 1
105 4 2 5 1
106 4 2 6 1
107 4 2 7 1
108 4 2 8 1
109 4 2 9 1
110 4 2 10 1
111 1 1 1 1

112 5 1 2 1
113 5 1 3 1
114 5 1 4 1
115 5 1 5 1

116 5 1 6 1
117 5 1 7 1
118 5 1 8 1
119 5 1 9 1
120 5 1 10 1
121 5 2 1 1
122 5 2 2 1
123 5 2 3 1
124 5 2 4 1
125 5 2 5 1
126 5 2 6 1
127 5 2 7 1
128 5 2 8 1
129 5 2 9 1
130 5 2 10 1
131 5 3 1 1
132 5 3 2 1
133 5 3 3 1
134 5 3 4 1
135 5 3 5 1
136 5 3 6 1
137 5 3 7 1
138 5 3 8 1
139 5 3 9 1
140 5 3 10 1
141 6 1 1 1

142 6 1 2 1
143 6 1 3 1

144 6 1 4 1
145 6 1 5 1

146 6 1 6 1
147 6 1 7 1
148 6 1 8 1
149 6 1 9 1
150 6 1 10 1
161 6 2 1 1
162 6 2 2 1
163 6 2 3 1
164 6 2 4 1
165 6 2 5 1
166 6 2 6 1
167 6 2 7 1
168 6 2 8 1
169 6 2 9 1
170 6 2 10 1
171 6 3 1 1
172 6 3 2 1
173 6 3 3 1
174 6 3 4 1
175 6 3 5 1
176 6 3 6 1
177 6 3 7 1
178 6 3 8 1
179 6 3 9 1
180 6 3 10 1
191 7 1 1 1

192 7 1 2 1
193 7 1 3 1

194 7 1 4 1
195 7 1 5 1

196 7 1 6 1
197 7 1 7 1
198 7 1 8 1
199 7 1 9 1
200 7 1 10 1
201 7 2 1 1
202 7 2 2 1
203 7 2 3 1
204 7 2 4 1
205 7 2 5 1
206 7 2 6 1
207 7 2 7 1
208 7 2 8 1
209 7 2 9 1
210 7 2 10 1
211 7 3 1 1
212 7 3 2 1
213 7 3 3 1
214 7 3 4 1
215 7 3 5 1
216 7 3 6 1
217 7 3 7 1
218 7 3 8 1
219 7 3 9 1
220 7 3 10 1
221 8 1 1 1

222 8 1 2 1
223 8 1 3 1

224 8 1 4 1
225 8 1 5 1

226 8 1 6 1
227 8 1 7 1
228 8 1 8 1
229 8 1 9 1
230 8 1 10 1
231 8 2 1 1
232 8 2 2 1
233 8 2 3 1
234 8 2 4 1
235 8 2 5 1
236 8 2 6 1
237 8 2 7 1
238 8 2 8 1
239 8 2 9 1
240 8 2 10 1
241 8 3 1 1
242 8 3 2 1
243 8 3 3 1
244 8 3 4 1
245 8 3 5 1
246 8 3 6 1
247 8 3 7 1
248 8 3 8 1
249 8 3 9 1
250 8 3 10 1
251 9 1 1 1

252 9 1 2 1
253 9 1 3 1

254 9 1 4 1
255 9 1 5 1

256 9 1 6 1
257 9 1 7 1
258 9 1 8 1
259 9 1 9 1
260 9 1 10 1
261 9 2 1 1
262 9 2 2 1
263 9 2 3 1
264 9 2 4 1
265 9 2 5 1
266 9 2 6 1
267 9 2 7 1
268 9 2 8 1
269 9 2 9 1
270 9 2 10 1
271 9 3 1 1
272 9 3 2 1
273 9 3 3 1
274 9 3 4 1
275 9 3 5 1
276 9 3 6 1
277 9 3 7 1
278 9 3 8 1
279 9 3 9 1
280 9 3 10 1
281 10 1 1 1

282 10 1 2 1
283 10 1 3 1

284 10 1 4 1
285 10 1 5 1

286 10 1 6 1
287 10 1 7 1
288 10 1 8 1
289 10 1 9 1
290 10 1 10 1
291 10 2 1 1
292 10 2 2 1
293 10 2 3 1
294 10 2 4 1
295 10 2 5 1
296 10 2 6 1
297 10 2 7 1
298 10 2 8 1
299 10 2 9 1
300 10 2 10 1
301 10 3 1 1
302 10 3 2 1
303 10 3 3 1
304 10 3 4 1
305 10 3 5 1
306 10 3 6 1
307 10 3 7 1
308 10 3 8 1
309 10 3 9 1
310 10 3 10 1
311 11 1 1 1

312 11 1 2 1
313 11 1 3 1

314 11 1 4 1
315 11 1 5 1
316 11 1 6 1
31
7 11 1 7 1
318 11 1 8 1
319 11 1 9 1
320 11 1 10 1
321 11 2 1 1
322 11 2 2 1
323 11 2 3 1
324 11 2 4 1
325 11 2 5 1
326 11 2 6 1
327 11 2 7 1
328 11 2 8 1
329 11 2 9 1
330 11 2 10 1
331 11 3 1 1
332 11 3 2 1
333 11 3 3 1
334 11 3 4 1
335 11 3 5 1
336 11 3 6 1
337 11 3 7 1
338 11 3 8 1
339 11 3 9 1
340 11 3 10 1
341 12 1 1 1

342 12 1 2 1
343 12 1 3 1

344 12 1 4 1
345 12 1 5 1
346 12 1 6 1
347 12 1 7 1
348 12 1 8 1
349 12 1 9 1
350 12 1 10 1
351 12 2 1 1
352 12 2 2 1
353 12 2 3 1
354 12 2 4 1
355 12 2 5 1
356 12 2 6 1
357 12 2 7 1
358 12 2 8 1
359 12 2 9 1
360 12 2 10 1
361 12 3 1 1
362 12 3 2 1
363 12 3 3 1
364 12 3 4 1
365 12 3 5 1
366 12 3 6 1
367 12 3 7 1
368 12 3 8 1
369 12 3 9 1
370 12 3 10 1
371 13 1 1 1
372 13 1 2 1
373 13 1 3 1

374 13 1 4 1
375 13 1 5 1
376 13 1 6 1
377 13 1 7 1
378 13 1 8 1
379 13 1 9 1
380 13 1 10 1
381 13 2 1 1
382 13 2 2 1
383 13 2 3 1
384 13 2 4 1
385 13 2 5 1
386 13 2 6 1
387 13 2 7 1
388 13 2 8 1
389 13 2 9 1
390 13 2 10 1
391 13 3 1 1
392 13 3 2 1
393 13 3 3 1
394 13 3 4 1
395 13 3 5 1
396 13 3 6 1
397 13 3 7 1
398 13 3 8 1
399 13 3 9 1
400 13 3 10 1
401 14 1 1 1
402 14 1 2 1
403 14 1 3 1
404 14 1 4 1
405 14 1 5 1
406 14 1 6 1
407 14 1 7 1
408 14 1 8 1
409 14 1 9 1
410 14 1 10 1
411 14 2 1 1
412 14 2 2 1
413 14 2 3 1
414 14 2 4 1
415 14 2 5 1
416 14 2 6 1
417 14 2 7 1
418 14 2 8 1
419 14 2 9 1
420 14 2 10 1
421 14 3 1 1
422 14 3 2 1
423 14 3 3 1
424 14 3 4 1
425 144 3 5 1
426 14 3 6 1
427 14 3 7 1
428 14 3 8 1
429 14 3 9 1
430 14 3 10 1